[general]
temp-day=6500
temp-night=4500
fade=1
location-provider=manual

[manual]
lat=39.739235
lon=-104.990250
